thread   m   n    time   rate
1       1000    1000000 19.217145492s   52036.864706
2       1000    1000000 9.905231015s    100956.756938
3       1000    1000000 6.554677554s    152562.805990
4       1000    1000000 5.084922303s    196659.838718
5       1000    1000000 4.006764207s    249577.950770
6       1000    1000000 3.678929656s    271818.189937
7       1000    1000000 3.382862489s    295607.640941
8       1000    1000000 2.828907461s    353493.358756
9       1000    1000000 3.168067307s    315649.859392
10      1000    1000000 2.931931365s    341072.104190
11      1000    1000000 2.855871297s    350155.835471
12      1000    1000000 2.802951511s    356766.785325
13      1000    1000000 2.545755806s    392810.652790
14      1000    1000000 2.475944122s    403886.336172
15      1000    1000000 2.27438343s     439679.601429
16      1000    1000000 2.163411711s    462232.868074
17      1000    1000000 2.05789575s     485933.264598
18      1000    1000000 1.979271133s    505236.490002
19      1000    1000000 1.908044373s    524096.826128
20      1000    1000000 1.824303979s    548154.261303
21      1000    1000000 1.76107999s     567833.378199
22      1000    1000000 1.673808932s    597439.756045
23      1000    1000000 1.643040706s    608627.647719
24      1000    1000000 1.584783967s    631000.830916
25      1000    1000000 1.588926324s    629355.801396
26      1000    1000000 1.5818373s      632176.267433
27      1000    1000000 1.575528804s    634707.532773
28      1000    1000000 1.595359008s    626818.161295
29      1000    1000000 1.58893152s     629353.743326
30      1000    1000000 1.588927352s    629355.394217
31      1000    1000000 1.575757053s    634615.595149
32      1000    1000000 1.581709099s    632227.506709
33      1000    1000000 1.580017553s    632904.361158
34      1000    1000000 1.595740171s    626668.437740
35      1000    1000000 1.585679189s    630644.588727
36      1000    1000000 1.588070499s    629694.966709
37      1000    1000000 1.580386306s    632756.684997
38      1000    1000000 1.583016561s    631705.330593
39      1000    1000000 1.582880866s    631759.484545
40      1000    1000000 1.595597902s    626724.313655
41      1000    1000000 1.594576809s    627125.638825
42      1000    1000000 1.587477411s    629930.223303
43      1000    1000000 1.572476377s    635939.601145
44      1000    1000000 1.584364293s    631167.973438
45      1000    1000000 1.579362118s    633167.016356
46      1000    1000000 1.581275184s    632400.995170
47      1000    1000000 1.593320383s    627620.163948
48      1000    1000000 1.590853558s    628593.370503
49      1000    1000000 1.605264577s    622950.268964
50      1000    1000000 1.580962141s    632526.215566
51      1000    1000000 1.581397524s    632352.071395
52      1000    1000000 1.587063304s    630094.588842
53      1000    1000000 1.596601456s    626330.382101
54      1000    1000000 1.590686319s    628659.458534
55      1000    1000000 1.582691678s    631835.002294
56      1000    1000000 1.576367657s    634369.777608
