thread   m   n    time   rate
1       1000    1000000 20.287343909s   49291.814862
2       1000    1000000 10.029374344s   99707.116885
3       1000    1000000 6.617159643s    151122.241861
4       1000    1000000 4.924323179s    203073.592786
5       1000    1000000 4.095912594s    244145.834915
6       1000    1000000 3.23008665s     309589.217986
7       1000    1000000 2.743442857s    364505.496241
8       1000    1000000 2.549865467s    392177.553264
9       1000    1000000 2.214902497s    451487.142822
10      1000    1000000 1.818943388s    549769.721585
11      1000    1000000 1.552757878s    644015.409078
12      1000    1000000 1.327742843s    753157.891434
13      1000    1000000 1.091357182s    916290.300273
14      1000    1000000 904.645004ms    1105405.983097
15      1000    1000000 700.326369ms    1427905.679787
16      1000    1000000 557.121389ms    1794940.958549
17      1000    1000000 412.409892ms    2424772.100277
18      1000    1000000 334.25105ms     2491763.227071
19      1000    1000000 400.228683ms    2498571.547907
20      1000    1000000 382.734865ms    2612774.772949
21      1000    1000000 413.181468ms    2420244.075419
22      1000    1000000 484.188975ms    2065309.314406
23      1000    1000000 478.233019ms    2091030.857909
24      1000    1000000 488.770084ms    2045951.732185
25      1000    1000000 463.239675ms    2158709.743504
26      1000    1000000 487.913989ms    2049541.563769
27      1000    1000000 510.635567ms    1958343.806474
28      1000    1000000 421.813512ms    2370715.900632
29      1000    1000000 496.38772ms     2014554.268184
30      1000    1000000 508.240879ms    1967570.971402
31      1000    1000000 522.135131ms    1915213.017911
32      1000    1000000 492.958583ms    2028567.986207
33      1000    1000000 511.894481ms    1953527.606015
34      1000    1000000 532.641557ms    1877435.184803
35      1000    1000000 541.569786ms    1846484.102051
36      1000    1000000 565.364845ms    1768769.333367
37      1000    1000000 543.368902ms    1840370.319905
38      1000    1000000 519.757821ms    1923972.972790
39      1000    1000000 552.249124ms    1810776.978254
40      1000    1000000 564.241791ms    1772289.851533
41      1000    1000000 579.121443ms    1726753.536909
42      1000    1000000 539.330535ms    1854150.534978
43      1000    1000000 577.756002ms    1730834.463923
44      1000    1000000 545.83605ms     1832051.950398
45      1000    1000000 593.986779ms    1683539.155002
46      1000    1000000 595.401196ms    1679539.790511
47      1000    1000000 624.309888ms    1601768.639615
48      1000    1000000 511.583641ms    1954714.576184
49      1000    1000000 591.733159ms    1689950.926005
50      1000    1000000 589.570997ms    1696148.564106
51      1000    1000000 601.504419ms    1662498.176925
52      1000    1000000 646.107518ms    1547730.017282
53      1000    1000000 638.832277ms    1565356.097372
54      1000    1000000 601.062538ms    1663720.389774
55      1000    1000000 617.723859ms    1618846.326608
56      1000    1000000 627.590324ms    1593396.140378
