thread   m   n    time   rate
1       1000    1000000 19.04490575s    52507.479592
2       1000    1000000 9.584212687s    104338.252150
3       1000    1000000 5.969347732s    167522.490714
4       1000    1000000 4.309222161s    232060.442149
5       1000    1000000 3.54801s        281848.134588
6       1000    1000000 2.744737069s    364333.622806
7       1000    1000000 2.396324583s    417305.738586
8       1000    1000000 2.512329006s    398037.039580
9       1000    1000000 2.172548414s    460288.936972
10      1000    1000000 1.805033366s    554006.379514
11      1000    1000000 1.555573589s    642849.690347
12      1000    1000000 1.306866136s    765189.312396
13      1000    1000000 1.072312002s    932564.401158
14      1000    1000000 859.617819ms    1163307.667544
15      1000    1000000 697.970703ms    1432724.891893
16      1000    1000000 531.18848ms     1882570.947322
17      1000    1000000 402.064046ms    2487165.937737
18      1000    1000000 344.324642ms    2904235.939059
19      1000    1000000 414.458767ms    2412785.250601
20      1000    1000000 412.4546ms      2424509.267202
21      1000    1000000 424.061647ms    2358147.705822
22      1000    1000000 435.810992ms    2294572.689438
23      1000    1000000 455.738788ms    2194239.389604
24      1000    1000000 451.941791ms    2212674.330885
25      1000    1000000 476.404693ms    2099055.728655
26      1000    1000000 475.694806ms    2102188.183236
27      1000    1000000 462.771935ms    2160891.627968
28      1000    1000000 485.044853ms    2061665.006473
29      1000    1000000 437.621001ms    2285082.292017
30      1000    1000000 513.944113ms    1945736.850964
31      1000    1000000 545.985955ms    1831548.945247
32      1000    1000000 476.254881ms    2099716.013199
33      1000    1000000 517.963005ms    1930639.814710
34      1000    1000000 507.266935ms    1971348.674638
35      1000    1000000 533.555183ms    1874220.384061
36      1000    1000000 546.27564ms     1830577.691511
37      1000    1000000 517.80514ms     1931228.415384
38      1000    1000000 516.749236ms    1935174.607592
39      1000    1000000 536.701967ms    1863231.479455
40      1000    1000000 517.944535ms    1930708.661691
41      1000    1000000 553.618708ms    1806297.340660
42      1000    1000000 555.527799ms    1800089.935733
43      1000    1000000 523.65388ms     1909658.341498
44      1000    1000000 572.059022ms    1748071.372957
45      1000    1000000 522.899985ms    1912411.605826
46      1000    1000000 586.966337ms    1703675.214342
47      1000    1000000 577.3065ms      1732182.125093
48      1000    1000000 564.059138ms    1772863.752453
49      1000    1000000 545.178153ms    1834262.790057
50      1000    1000000 536.854439ms    1862702.303184
51      1000    1000000 596.375246ms    1676796.625459
52      1000    1000000 578.398715ms    1728911.171596
53      1000    1000000 578.826879ms    1727632.278804
54      1000    1000000 576.686217ms    1734045.258099
55      1000    1000000 593.636391ms    1684532.847313
56      1000    1000000 600.447033ms    1665425.832823
