thread   m   n    time   rate
1       1000    1000000 19.927392475s   50182.180195
2       1000    1000000 10.699881905s   93458.975424
3       1000    1000000 7.187193353s    139136.370887
4       1000    1000000 5.558717984s    179897.595611
5       1000    1000000 4.627128704s    216116.746252
6       1000    1000000 4.369078934s    228881.193292
7       1000    1000000 3.781260515s    264462.074494
8       1000    1000000 3.550799857s    281626.687021
9       1000    1000000 3.268591812s    305942.148031
10      1000    1000000 3.111072779s    321432.531810
11      1000    1000000 3.036890715s    329284.157333
12      1000    1000000 2.790268842s    358388.405070
13      1000    1000000 2.655172948s    376623.300849
14      1000    1000000 2.506797552s    398915.340891
15      1000    1000000 2.31746966s     431505.109758
16      1000    1000000 2.197411651s    455080.867322
17      1000    1000000 2.076827992s    481503.525498
18      1000    1000000 2.015990021s    496034.201352
19      1000    1000000 1.915824076s    521968.594365
20      1000    1000000 1.848323804s    541030.742468
21      1000    1000000 1.803115834s    554595.540200
22      1000    1000000 1.733949185s    576718.169512
23      1000    1000000 1.69229518s     590913.459908
24      1000    1000000 1.662837065s    601381.831719
25      1000    1000000 1.664060946s    600939.528329
26      1000    1000000 1.656141823s    603813.022600
27      1000    1000000 1.653118285s    604917.391014
28      1000    1000000 1.646554878s    607328.679634
29      1000    1000000 1.655422946s    604075.231901
30      1000    1000000 1.657458436s    603333.379758
31      1000    1000000 1.666417649s    600089.659756
32      1000    1000000 1.664407725s    600814.322704
33      1000    1000000 1.656182353s    603798.246122
34      1000    1000000 1.651579466s    605481.008081
35      1000    1000000 1.660789306s    602123.337613
36      1000    1000000 1.669116181s    599119.468964
37      1000    1000000 1.665258968s    600507.199911
38      1000    1000000 1.65696821s     603511.880291
39      1000    1000000 1.670949259s    598462.218176
40      1000    1000000 1.666468406s    600071.382331
41      1000    1000000 1.665500854s    600419.986335
42      1000    1000000 1.669989099s    598806.303945
43      1000    1000000 1.664393975s    600819.286191
44      1000    1000000 1.682097589s    594495.828625
45      1000    1000000 1.66903718s     599147.827252
46      1000    1000000 1.659281833s    602670.372273
47      1000    1000000 1.670509177s    598619.878159
48      1000    1000000 1.675742998s    596750.218377
49      1000    1000000 1.712100522s    584077.854746
50      1000    1000000 1.676846729s    596357.426535
51      1000    1000000 1.66961075s     598941.998906
52      1000    1000000 1.667676531s    599636.668989
53      1000    1000000 1.661666334s    601805.536731
54      1000    1000000 1.67578303s     596735.962889
55      1000    1000000 1.668974063s    599170.485731
56      1000    1000000 1.677553653s    596106.120488
