-- mtf/uniform: m=100000 n=400000 l=roundrobin
48	100000	400000	3.107890841s	128704.649058
47	100000	400000	3.089739485s	129460.752902
46	100000	400000	3.178344001s	125851.701350
45	100000	400000	3.12436844s	128025.873927
44	100000	400000	3.246114362s	123224.247637
43	100000	400000	3.25310036s	122959.624891
42	100000	400000	3.252482543s	122982.981372
41	100000	400000	3.387601566s	118077.640539
40	100000	400000	3.343713602s	119627.470415
39	100000	400000	3.399623685s	117660.081545
38	100000	400000	3.588426672s	111469.464632
37	100000	400000	3.527599532s	113391.556034
36	100000	400000	3.761090764s	106352.126311
35	100000	400000	3.760583125s	106366.482725
34	100000	400000	3.592878301s	111331.352328
33	100000	400000	3.76156435s	106338.736436
32	100000	400000	3.801344217s	105225.935134
31	100000	400000	3.819093005s	104736.909909
30	100000	400000	3.954355232s	101154.291037
29	100000	400000	4.145292847s	96494.991974
28	100000	400000	4.1504456s	96375.194027
27	100000	400000	4.3644253s	91650.096520
26	100000	400000	4.597553406s	87002.795765
25	100000	400000	4.763699395s	83968.354598
24	100000	400000	4.975686129s	80390.922906
23	100000	400000	5.384484435s	74287.520900
22	100000	400000	5.568099796s	71837.792902
21	100000	400000	5.887233229s	67943.630640
20	100000	400000	6.142657845s	65118.391760
19	100000	400000	6.636191748s	60275.533799
18	100000	400000	7.156227353s	55895.373396
17	100000	400000	7.654059218s	52259.851748
16	100000	400000	8.500130813s	47058.099316
15	100000	400000	8.939930217s	44743.078558
14	100000	400000	9.741229781s	41062.577210
13	100000	400000	10.954771131s	36513.770595
12	100000	400000	11.844318102s	33771.467176
11	100000	400000	13.497950742s	29634.127998
10	100000	400000	14.949365199s	26756.988988
9	100000	400000	18.096549579s	22103.661157
8	100000	400000	20.261373527s	19741.998215
7	100000	400000	24.887078903s	16072.597413
6	100000	400000	30.357589214s	13176.276851
5	100000	400000	38.551174628s	10375.818736
4	100000	400000	50.827902885s	7869.693166
3	100000	400000	1m11.716016004s	5577.554670
2	100000	400000	1m58.539738586s	3374.395834
1	100000	400000	4m27.310357587s	1496.387957
-- linkedlist/uniform: m=100000 n=400000 l=roundrobin
48	100000	400000	2.709081619s	147651.513042
47	100000	400000	2.718977003s	147114.153433
46	100000	400000	2.766395414s	144592.489554
45	100000	400000	2.771582887s	144321.860940
44	100000	400000	2.784268414s	143664.309802
43	100000	400000	2.738798227s	146049.459232
42	100000	400000	2.850632027s	140319.759342
41	100000	400000	2.823583515s	141663.952164
40	100000	400000	2.853761977s	140165.859390
39	100000	400000	3.044981823s	131363.674154
38	100000	400000	2.905364169s	137676.372645
37	100000	400000	2.848237225s	140437.740399
36	100000	400000	2.92508082s	136748.358290
35	100000	400000	3.064481292s	130527.799613
34	100000	400000	2.935218866s	136276.038776
33	100000	400000	2.865258258s	139603.471653
32	100000	400000	2.983174845s	134085.335518
31	100000	400000	3.027390933s	132126.972979
30	100000	400000	3.035062149s	131793.017857
29	100000	400000	2.992093902s	133685.643934
28	100000	400000	3.140668375s	127361.425098
27	100000	400000	3.251846009s	123007.054729
26	100000	400000	3.329740191s	120129.492710
25	100000	400000	3.60209568s	111046.467261
24	100000	400000	3.553736054s	112557.599642
23	100000	400000	3.618401575s	110546.049605
22	100000	400000	3.879671489s	103101.512882
21	100000	400000	4.123863124s	96996.429797
20	100000	400000	4.191176782s	95438.589400
19	100000	400000	4.596408788s	87024.461585
18	100000	400000	4.733487711s	84504.286146
17	100000	400000	5.032472987s	79483.784818
16	100000	400000	5.257446375s	76082.563942
15	100000	400000	5.828569104s	68627.478351
14	100000	400000	6.295860885s	63533.805353
13	100000	400000	6.82361957s	58619.915119
12	100000	400000	7.18031705s	55707.846494
11	100000	400000	7.924417673s	50476.895149
10	100000	400000	8.931554213s	44785.038579
9	100000	400000	9.482719575s	42181.991868
8	100000	400000	11.223750269s	35638.711697
7	100000	400000	12.311164089s	32490.834913
6	100000	400000	13.273012535s	30136.338600
5	100000	400000	16.41718489s	24364.713115
4	100000	400000	21.554130688s	18557.927749
3	100000	400000	24.497358689s	16328.290943
2	100000	400000	36.441920309s	10976.369977
1	100000	400000	1m15.822210694s	5275.499044
-- mtf/uniform: m=100000 n=400000 l=modulo
48	100000	40000000	11.134993602s	3592278.669367
47	100000	40000000	10.585717049s	3778676.476506
46	100000	40000000	11.099396556s	3603799.521730
45	100000	40000000	11.428407312s	3500050.261422
44	100000	40000000	11.887893489s	3364767.697239
43	100000	40000000	12.179208015s	3284285.805016
42	100000	40000000	13.22287617s	3025060.469881
41	100000	40000000	13.063622261s	3061937.891408
40	100000	40000000	13.634933382s	2933641.029211
39	100000	40000000	13.935048626s	2870460.023036
38	100000	40000000	14.961627141s	2673506.004597
37	100000	40000000	15.199278924s	2631703.793319
36	100000	40000000	16.395708324s	2439662.819657
35	100000	40000000	17.050397867s	2345986.311406
34	100000	40000000	17.816970735s	2245050.552922
33	100000	40000000	19.081847273s	2096233.107190
32	100000	40000000	26.05529055s	1535196.850837
31	100000	40000000	22.005234852s	1817749.288705
30	100000	40000000	22.974797581s	1741038.190172
29	100000	40000000	24.660919303s	1621999.549511
28	100000	40000000	31.591278361s	1266172.249914
27	100000	40000000	30.362974807s	1317393.972569
26	100000	40000000	33.400207091s	1197597.364921
25	100000	40000000	38.741186611s	1032492.897072
24	100000	40000000	50.400701932s	793639.740454
23	100000	40000000	46.818573314s	854361.787826
22	100000	40000000	52.985717281s	754920.421061
21	100000	40000000	1m2.779315357s	637152.536190
20	100000	40000000	1m8.613397895s	582976.521017
19	100000	40000000	1m20.643977322s	496007.281986
18	100000	40000000	1m32.272960336s	433496.442017
17	100000	40000000	1m45.631272049s	378675.738956
16	100000	40000000	2m18.33623648s	289150.558218
15	100000	40000000	2m26.398207489s	273227.389092
14	100000	40000000	3m3.448615941s	218044.708568
13	100000	40000000	3m26.198366412s	193987.957790
12	100000	40000000	4m6.619990679s	162192.853426
11	100000	40000000	4m58.883779752s	133831.283963
10	100000	4000000	36.247774492s	110351.602438
9	100000	4000000	44.33119036s	90229.925421
8	100000	4000000	1m1.185151257s	65375.338915
7	100000	4000000	1m19.138461076s	50544.323779
6	100000	4000000	1m52.260081267s	35631.543776
5	100000	4000000	2m39.228826475s	25121.079446
4	100000	4000000	4m14.217481315s	15734.559163
3	100000	4000000	6m27.798393481s	10314.637882
2	100000	4000000	14m23.024504771s	4634.862600
1	100000	4000000	55m38.819457355s	1198.028241
-- linkedlist/uniform: m=100000 n=400000 l=modulo
48	100000	400000	2.701431994s	148069.616740
47	100000	400000	2.855908249s	140060.521951
46	100000	400000	2.717739567s	147181.137169
45	100000	400000	2.795035979s	143110.859039
44	100000	400000	2.934446644s	136311.900855
43	100000	400000	2.824529153s	141616.523793
42	100000	400000	2.921603573s	136911.114053
41	100000	400000	2.854137677s	140147.408874
40	100000	400000	3.073558116s	130142.325248
39	100000	400000	3.019868731s	132456.088536
38	100000	400000	3.091433793s	129389.799939
37	100000	400000	3.104782022s	128833.521054
36	100000	400000	3.263834465s	122555.235043
35	100000	400000	3.301717983s	121149.050906
34	100000	400000	3.0295604s	132032.356906
33	100000	400000	3.023771569s	132285.125008
32	100000	400000	3.119745768s	128215.575802
31	100000	400000	3.115889579s	128374.253920
30	100000	400000	3.08249165s	129765.152811
29	100000	400000	3.150067713s	126981.397368
28	100000	400000	3.259552939s	122716.215225
27	100000	400000	3.394589083s	117834.586225
26	100000	400000	3.374553992s	118534.182872
25	100000	400000	3.748252457s	106716.397732
24	100000	400000	3.680984815s	108666.571611
23	100000	400000	3.920744126s	102021.449793
22	100000	400000	3.78516833s	105675.617338
21	100000	400000	3.943375179s	101435.948101
20	100000	400000	4.369143664s	91551.120943
19	100000	400000	4.459650406s	89693.129188
18	100000	400000	4.38361319s	91248.927007
17	100000	400000	5.048216239s	79235.908500
16	100000	400000	5.263881876s	75989.547148
15	100000	400000	5.500999171s	72714.062949
14	100000	400000	6.21358753s	64375.048725
13	100000	400000	6.538379704s	61177.236274
12	100000	400000	7.200752745s	55549.747945
11	100000	400000	7.273936709s	54990.855159
10	100000	400000	8.927295311s	44806.403963
9	100000	400000	9.77999779s	40899.804743
8	100000	400000	10.88478239s	36748.552766
7	100000	400000	11.86204466s	33720.999327
6	100000	400000	13.511991483s	29603.334231
5	100000	400000	15.921869867s	25122.677383
4	100000	400000	20.990220952s	19056.493065
3	100000	400000	26.464195548s	15114.761349
2	100000	400000	40.297542507s	9926.163610
1	100000	400000	1m18.051040805s	5124.851583
